1608904
1050464
1803391
1056581
1599814
1732768
1383838
1508512
872162
1167487
1730145
860176
1056823
1105838
1317588
1104329
1791786
1385702
1766596
1387322
1697233
1536411
315066
1595849
1489933
1113000
1525234
1777813
814375
1837309
1773994
1740837
1081198
1603466
1569537
1037389
1656456
1214717
1632665
1559706
1282189
1165408
914976
1675884
1697868
1056831
1511291
1766504
1103887
1314273
1301050
1055964
1442641
1322924
915191
945631
1088875
1133219
949509
1512814
1336528
1484043
1657335
1410833
846222
1067983
1510387
1323953
1631014
1671657
1325447
949615
1647251
902464
1953324
1581811
807249
1510669
1096343
763212
813917
1115373
1631664
1749798
1535392
1606430
1135730
1310051
1709323
1112520
1278641
1466153
1641864
1633603
1376879
1569205
1468395
1700286
1679688
1484148
1632715
1061165
860643
1321194
1007524
1454502
1021223
934639
1112325
1541617
1512920
911270
1798849
1388551
1061768
938582
1534259
1105497
1549575
1660531
1839209
1845565
1846677
1546531
1741145
2045724